1 0.130896 0.0411826 0.0341406
2 0.130896 0.0605071 0.0309917
3 0.147107 0.0901638 0.0269204
4 0.173401 0.107263 0.0250356
5 0.173401 0.119651 0.0239782
6 0.173401 0.126006 0.0229831
7 0.190265 0.143871 0.02537
8 0.867368 0.201847 0.155216
9 0.867368 0.213797 0.152394
10 0.867368 0.225358 0.149401
11 0.867368 0.233948 0.147648
12 0.867368 0.239914 0.146095
13 0.867368 0.255675 0.14191
14 0.867368 0.26668 0.138685
15 0.867368 0.275662 0.135923
16 0.867368 0.276219 0.135761
17 0.867368 0.278456 0.135322
18 0.867368 0.280113 0.135061
19 0.867368 0.280711 0.134915
20 0.867368 0.281362 0.134756
21 0.867368 0.286548 0.134112
22 0.867368 0.291113 0.134055
23 0.867368 0.297201 0.132786
24 0.867368 0.304752 0.130976
25 0.867368 0.31813 0.13003
26 0.867368 0.324065 0.128525
27 0.867368 0.357729 0.124374
28 0.867368 0.368116 0.121389
29 0.867368 0.383488 0.115936
30 0.867368 0.401312 0.114282
31 0.867368 0.417812 0.114487
32 0.867368 0.442617 0.10994
33 0.867368 0.442617 0.10994
34 0.867368 0.46734 0.103137
35 0.867368 0.488103 0.0979001
36 0.867368 0.504194 0.0893238
37 0.867368 0.517193 0.0837176
38 0.867368 0.525307 0.0798794
39 0.867368 0.534791 0.0786647
40 0.867368 0.538226 0.0782093
41 0.867368 0.546468 0.0774463
42 0.867368 0.549316 0.0770095
43 0.867368 0.552498 0.0765321
44 0.867368 0.557753 0.0751532
45 0.867368 0.563127 0.0732774
46 0.867368 0.565652 0.0721812
47 0.867368 0.569109 0.070701
48 0.867368 0.572552 0.0696461
49 0.867368 0.577569 0.0674886
50 0.867368 0.580278 0.0664898
51 0.867368 0.582439 0.065832
52 0.867368 0.583144 0.0656427
53 0.867368 0.58518 0.0651693
54 0.867368 0.58518 0.0651693
55 0.867368 0.586291 0.0648781
56 0.867368 0.596775 0.0724042
57 0.867368 0.598249 0.0718849
58 0.867368 0.603126 0.0718972
59 0.867368 0.60509 0.0712994
60 0.867368 0.606456 0.0707876
61 0.867368 0.617713 0.0757598
62 0.867368 0.626036 0.0793574
63 0.867368 0.628428 0.0784419
64 0.867368 0.638378 0.0760074
65 0.867368 0.659588 0.0801278
66 0.867368 0.666189 0.0762379
67 0.867368 0.673218 0.0714323
68 0.867368 0.673928 0.0706469
69 0.867368 0.677662 0.0684722
70 0.867368 0.689263 0.0661305
71 0.867368 0.704754 0.0591652
72 0.867368 0.716281 0.058014
73 0.867368 0.727004 0.0508655
74 0.867368 0.727004 0.0508655
75 0.867368 0.733056 0.0456622
76 0.867368 0.736662 0.043546
77 0.867368 0.742345 0.0384076
78 0.867368 0.75049 0.0342122
79 0.867368 0.75049 0.0342122
80 0.867368 0.757476 0.0294961
81 0.867368 0.757476 0.0294961
82 0.867368 0.760591 0.0284279
83 0.867368 0.761603 0.0278388
84 0.867368 0.766612 0.0270071
85 0.867368 0.774125 0.0335077
86 0.867368 0.782736 0.0376075
87 0.914721 0.791893 0.0458394
88 0.914721 0.791893 0.0458394
89 0.914721 0.807265 0.0513166
90 0.914721 0.811872 0.0503162
91 0.914721 0.819114 0.0530554
92 0.914721 0.819114 0.0530554
93 0.914721 0.826509 0.0525708
94 0.953446 0.841893 0.0565103
95 0.953446 0.841893 0.0565103
96 0.953446 0.843619 0.0548257
97 0.953446 0.844351 0.053986
98 0.953446 0.866621 0.0536909
99 0.953446 0.866621 0.0536909
100 0.953446 0.87893 0.0483135
101 0.953446 0.892704 0.0415533
102 0.953446 0.89822 0.0366716
103 0.953446 0.915714 0.0253656
104 0.953446 0.926935 0.0156389
105 0.953446 0.929408 0.0150225
106 0.953446 0.930661 0.0141608
107 0.953446 0.931487 0.0136807
108 0.953446 0.933649 0.0130008
109 0.953446 0.934336 0.0123996
110 0.958124 0.93831 0.012291
111 0.958124 0.93831 0.012291
112 0.958124 0.940866 0.0109025
113 0.958124 0.94328 0.00906136
114 0.958124 0.94328 0.00906136
115 0.958124 0.94328 0.00906136
116 0.958124 0.94441 0.00805521
117 0.958124 0.946978 0.00642137
118 0.958124 0.948504 0.00520121
119 0.958124 0.949395 0.00438019
120 0.958124 0.950151 0.00364866
121 0.958124 0.950151 0.00364866
122 0.958124 0.950151 0.00364866
123 0.958124 0.950151 0.00364866
124 0.958124 0.950294 0.00347952
125 1.00284 0.954998 0.0136175
126 1.00284 0.9556 0.0134009
127 1.00284 0.9556 0.0134009
128 1.00284 0.956202 0.0131532
129 1.00284 0.958972 0.0164394
130 1.00284 0.965993 0.0188714
131 1.00284 0.965993 0.0188714
132 1.00284 0.965993 0.0188714
133 1.00284 0.965993 0.0188714
134 1.03876 0.973615 0.0262112
135 1.03876 0.978959 0.0252027
136 1.03876 0.980515 0.0245313
137 1.03876 0.982985 0.0241656
138 1.03876 0.984541 0.0231959
139 1.03876 0.988807 0.0248691
140 1.03876 0.995567 0.0230389
141 1.03876 1.00258 0.0202874
142 1.03876 1.008 0.0219232
143 1.03876 1.01613 0.0217742
144 1.03876 1.02147 0.0200553
145 1.03876 1.02404 0.0187588
146 1.03876 1.02654 0.0171638
147 1.03876 1.0288 0.0155697
148 1.03876 1.0288 0.0155697
149 1.03876 1.0288 0.0155697
150 1.03876 1.03141 0.0133323
151 1.03876 1.03321 0.0116792
152 1.03876 1.0368 0.00586213
153 1.03876 1.03778 0.00425874
154 1.03876 1.03876 0
155 1.03876 1.03876 0
156 1.03876 1.03876 0
157 1.03876 1.03876 0
158 1.03876 1.03876 0
159 1.03876 1.03876 0
160 1.03876 1.03876 0
161 1.03876 1.03876 0
162 1.03876 1.03876 0
163 1.03876 1.03876 0
164 1.03876 1.03876 0
165 1.03876 1.03876 0
166 1.03876 1.03876 0
167 1.03876 1.03876 0
168 1.03876 1.03876 0
169 1.03876 1.03876 0
170 1.03876 1.03876 0
171 1.03876 1.03876 0
172 1.03876 1.03876 0
173 1.03876 1.03876 0
174 1.03876 1.03876 0
175 1.03876 1.03876 0
176 1.03876 1.03876 0
177 1.04262 1.03895 0.000841111
178 1.04262 1.03895 0.000841111
179 1.04262 1.03895 0.000841111
180 1.04262 1.03914 0.00115778
181 1.04262 1.03914 0.00115778
182 1.04262 1.03926 0.00122764
183 1.04262 1.03926 0.00122764
184 1.04262 1.03926 0.00122764
185 1.04262 1.03926 0.00122764
186 1.04262 1.03926 0.00122764
187 1.04262 1.03926 0.00122764
188 1.04262 1.03926 0.00122764
189 1.04262 1.03945 0.00142155
190 1.04262 1.03945 0.00142155
191 1.04262 1.03945 0.00142155
192 1.04262 1.03945 0.00142155
193 1.04262 1.03945 0.00142155
194 1.04262 1.03945 0.00142155
195 1.04262 1.03945 0.00142155
196 1.04262 1.03964 0.00156845
197 1.04262 1.03964 0.00156845
198 1.04262 1.03964 0.00156845
199 1.04262 1.03964 0.00156845
200 1.04262 1.03984 0.00168072
