1 0.104502 0.0449603 0.0312802
2 0.176257 0.0753066 0.0393034
3 0.176257 0.0881987 0.0432009
4 0.176257 0.103101 0.0402048
5 0.176257 0.113231 0.0359225
6 0.193854 0.133212 0.0365468
7 0.283542 0.181233 0.0531359
8 0.283648 0.230649 0.0434097
9 0.401461 0.291397 0.0403251
10 0.401461 0.305811 0.0501358
11 0.481548 0.340144 0.0633141
12 0.518767 0.377429 0.072986
13 0.518767 0.402379 0.0631281
14 0.542195 0.452263 0.0564825
15 0.542195 0.473819 0.0520256
16 0.615017 0.498699 0.0568146
17 0.615017 0.513977 0.0483385
18 0.615017 0.529806 0.0433899
19 0.615017 0.542248 0.0350714
20 0.628679 0.556757 0.037716
21 0.679003 0.57303 0.049882
22 0.679003 0.57303 0.049882
23 0.679003 0.590403 0.0443875
24 0.706059 0.607477 0.0521145
25 0.779719 0.644696 0.06312
26 0.985343 0.715779 0.105223
27 0.985343 0.715779 0.105223
28 0.985343 0.752811 0.1263
29 0.992625 0.823083 0.134652
30 0.992625 0.836995 0.125953
31 0.992625 0.838292 0.124378
32 0.992625 0.861471 0.113671
33 0.992625 0.861471 0.113671
34 0.992625 0.872807 0.0988239
35 0.992625 0.872807 0.0988239
36 0.992625 0.872807 0.0988239
37 0.992625 0.872807 0.0988239
38 0.992625 0.897605 0.0945751
39 1.14407 0.942885 0.100225
40 1.14407 0.973672 0.0741616
41 1.14407 1.01203 0.0706351
42 1.25367 1.04714 0.0921962
43 1.25367 1.06008 0.0899844
44 1.28961 1.09051 0.109
45 1.28961 1.09051 0.109
46 1.28961 1.10225 0.10321
47 1.28961 1.10225 0.10321
48 1.28961 1.10225 0.10321
49 1.28961 1.13655 0.0886828
50 1.28961 1.16625 0.0851693
51 1.28961 1.19471 0.0736073
