1 0.0897794 0.0374079 0.022168
2 0.244033 0.0597586 0.0449728
3 0.27547 0.109651 0.0653173
4 0.27547 0.128188 0.0599426
5 0.27547 0.143217 0.0568754
6 0.298812 0.172411 0.0506354
7 0.298812 0.188306 0.0441774
8 0.312282 0.206135 0.0441846
9 0.312282 0.206451 0.0438244
10 0.312282 0.21784 0.0406988
11 0.312282 0.220429 0.0388646
12 0.765812 0.254265 0.122524
13 0.765812 0.294447 0.139458
14 0.765812 0.319851 0.147353
15 0.765812 0.363691 0.155887
16 0.765812 0.468183 0.159027
17 0.765812 0.532564 0.143831
18 0.765812 0.591501 0.102191
19 0.765812 0.621089 0.0861562
20 0.765812 0.653003 0.0791454
21 0.869738 0.688438 0.0835175
22 0.869738 0.718837 0.0676419
23 0.869738 0.731349 0.0674173
24 0.940755 0.76488 0.0637711
25 0.957637 0.783346 0.0687712
26 0.957637 0.807967 0.0658981
27 0.957637 0.823718 0.0573158
28 1.02835 0.860737 0.0667899
29 1.0727 0.891142 0.0792316
30 1.0727 0.903783 0.0806195
31 1.0727 0.912446 0.0741586
32 1.0727 0.935125 0.0696396
33 1.07755 0.968809 0.0660887
34 1.31742 1.00934 0.0874149
35 1.31742 1.04396 0.0987015
36 1.31742 1.05036 0.0959127
37 1.31742 1.05955 0.0951964
38 1.31742 1.08181 0.0967679
39 1.31742 1.08187 0.0967018
40 1.31742 1.09168 0.0956142
41 1.31742 1.13377 0.0964374
42 1.31742 1.16321 0.0908562
43 1.31742 1.19785 0.0739367
44 1.31742 1.21826 0.0652578
45 1.31742 1.22924 0.0525997
46 1.31742 1.24246 0.0471114
47 1.31742 1.25889 0.0360647
48 1.45701 1.27654 0.0513146
49 1.45701 1.29005 0.0469235
50 1.45701 1.29005 0.0469235
51 1.45701 1.30821 0.0399863
52 1.45701 1.31823 0.0497887
53 1.46195 1.33788 0.058513
54 1.46195 1.34197 0.0561613
55 1.46195 1.34975 0.0593493
56 1.46195 1.35862 0.0618387
57 1.46195 1.35862 0.0618387
58 1.46195 1.35917 0.0613769
59 1.502 1.37793 0.069952
60 1.502 1.3955 0.0666205
61 1.502 1.41357 0.0598195
62 1.5614 1.46558 0.0308745
63 1.5614 1.47298 0.0348158
64 1.5614 1.4793 0.0323112
65 1.5614 1.48224 0.0318374
66 1.5614 1.48691 0.0294849
67 1.5614 1.48783 0.0288167
68 1.5614 1.49774 0.0297693
69 1.56273 1.50738 0.0332257
70 1.57182 1.52153 0.0347342
71 1.57182 1.52789 0.0320352
72 1.57182 1.53181 0.0309944
73 1.57182 1.54312 0.0263542
74 1.57182 1.54871 0.0229883
75 1.57182 1.54871 0.0229883
76 1.57549 1.56221 0.0102321
77 1.57549 1.56394 0.00864842
78 1.60661 1.56919 0.0102249
79 1.60661 1.56974 0.0100505
80 1.60661 1.57249 0.0123817
81 1.60661 1.57371 0.0118314
82 1.60661 1.57568 0.0107541
83 1.60661 1.57614 0.0103827
84 1.7189 1.58359 0.0326998
85 1.7189 1.584 0.0326013
86 1.73742 1.59402 0.0463688
87 1.73742 1.60117 0.0514498
88 1.73742 1.61679 0.0627243
89 1.73742 1.62637 0.0653517
90 1.82143 1.64059 0.0754516
91 1.82143 1.6502 0.0782635
92 1.82244 1.68008 0.0830889
93 1.82244 1.68024 0.0828897
94 1.82244 1.68734 0.0799164
95 1.82244 1.69353 0.0760594
96 1.8313 1.71139 0.071607
97 1.8313 1.72214 0.0711935
98 1.83136 1.75033 0.0533223
99 1.83136 1.76899 0.0457124
100 1.83136 1.77734 0.0433647
101 1.83136 1.78354 0.0371785
102 1.83136 1.79163 0.0343851
103 1.83136 1.79163 0.0343851
104 1.8372 1.80965 0.0263418
105 1.8372 1.81574 0.0214445
106 1.8372 1.82197 0.0129064
107 1.8372 1.82511 0.00819134
108 1.84728 1.82811 0.00675477
109 1.84728 1.82811 0.00675477
110 1.84728 1.82868 0.00638349
111 1.84728 1.8298 0.00576444
112 1.84728 1.83124 0.00466959
113 1.84728 1.83124 0.00466959
114 1.85959 1.83456 0.0075351
115 1.85959 1.83491 0.00746363
116 1.85959 1.83491 0.00746363
117 1.85959 1.83591 0.0082196
118 1.85959 1.83591 0.0082196
119 1.85959 1.83591 0.0082196
120 1.85959 1.83591 0.0082196
121 1.85959 1.83591 0.0082196
122 1.85959 1.83591 0.0082196
123 1.85959 1.83671 0.00850462
124 1.85959 1.83671 0.00850462
125 1.85959 1.83751 0.00870741
126 1.88094 1.83999 0.0127324
127 1.88094 1.84122 0.012482
128 1.88094 1.84356 0.0146102
129 1.88094 1.84497 0.0147267
130 1.88094 1.84497 0.0147267
131 1.88094 1.84584 0.0141714
132 1.88094 1.84763 0.0133512
133 1.89819 1.85723 0.0167956
134 1.89819 1.85723 0.0167956
135 1.89819 1.85723 0.0167956
136 1.89819 1.85878 0.0163001
137 1.95512 1.86608 0.0253036
138 1.95512 1.87011 0.0249082
139 1.95512 1.87269 0.0250802
140 1.95512 1.88089 0.0288335
141 1.95512 1.88798 0.0289586
142 1.95512 1.89439 0.0280941
143 1.95512 1.89439 0.0280941
144 1.95512 1.90024 0.0269558
145 1.95512 1.90024 0.0269558
146 1.95512 1.90024 0.0269558
147 1.95512 1.90379 0.0255007
148 1.95512 1.90814 0.0264555
149 1.95512 1.91496 0.0255371
150 1.95512 1.91496 0.0255371
151 1.95512 1.91662 0.0242119
152 2.02053 1.93293 0.029433
153 2.02053 1.93422 0.0281635
154 2.02053 1.93584 0.0269509
155 2.02053 1.94134 0.0299115
156 2.02053 1.94134 0.0299115
157 2.03228 1.94801 0.0342566
158 2.03228 1.9565 0.0345536
159 2.03228 1.9565 0.0345536
160 2.03228 1.95998 0.0324531
161 2.03228 1.96885 0.0307115
162 2.03228 1.97394 0.032327
163 2.07232 1.98508 0.0375957
164 2.07232 1.98843 0.0366338
165 2.07232 1.99172 0.0364132
166 2.07232 1.99499 0.0359128
167 2.07232 2.00198 0.0331389
168 2.07232 2.00456 0.0313498
169 2.07232 2.00721 0.0292268
170 2.07232 2.00721 0.0292268
171 2.07232 2.00721 0.0292268
172 2.10198 2.02097 0.0271611
173 2.10198 2.02949 0.0235634
174 2.10198 2.03536 0.0234735
175 2.10198 2.03832 0.0242011
176 2.10198 2.03832 0.0242011
177 2.10198 2.04376 0.0259653
178 2.12475 2.05156 0.0304659
179 2.12475 2.05415 0.0299147
180 2.12475 2.06045 0.0287109
181 2.12475 2.06188 0.0276163
182 2.12475 2.06188 0.0276163
183 2.17239 2.07149 0.0340456
184 2.17239 2.07149 0.0340456
185 2.17239 2.07149 0.0340456
186 2.19064 2.08608 0.044113
187 2.19064 2.10336 0.0437091
188 2.19064 2.10581 0.0417401
189 2.19064 2.10609 0.0414927
190 2.22212 2.1186 0.0460387
191 2.22212 2.12065 0.0448288
192 2.22212 2.13155 0.045069
193 2.22212 2.13155 0.045069
194 2.22212 2.14407 0.0396785
195 2.26568 2.15282 0.0457743
196 2.26568 2.15673 0.0436836
197 2.26568 2.17325 0.0407423
198 2.26568 2.17926 0.0385906
199 2.26568 2.18545 0.037437
200 2.26568 2.18691 0.0355621
